Windows Registry Editor Version 5.00
[HKEY_LOCAL_MACHINE\Software\Microsoft\Cryptography\Wintrust\Config]
"EnableCertPaddingCheck"="1"

[HKEY_LOCAL_MACHINE\Software\Wow6432Node\Microsoft\Cryptography\Wintrust\Config]
"EnableCertPaddingCheck"="1"

[HKEY_LOCAL_MACHINE\SYSTEM\CurrentControlSet\Control\Cryptography\Configuration\Local\SSL\00010002]
@="NCRYPT_SCHANNEL_INTERFACE"
"EccCurves"=hex(7):63,00,75,00,72,00,76,00,65,00,32,00,35,00,35,00,31,00,39,00,\
  00,00,4e,00,69,00,73,00,74,00,50,00,32,00,35,00,36,00,00,00,4e,00,69,00,73,\
  00,74,00,50,00,33,00,38,00,34,00,00,00,00,00
"Functions"=hex(7):54,00,4c,00,53,00,5f,00,41,00,45,00,53,00,5f,00,32,00,35,00,\
  36,00,5f,00,47,00,43,00,4d,00,5f,00,53,00,48,00,41,00,33,00,38,00,34,00,00,\
  00,54,00,4c,00,53,00,5f,00,41,00,45,00,53,00,5f,00,31,00,32,00,38,00,5f,00,\
  47,00,43,00,4d,00,5f,00,53,00,48,00,41,00,32,00,35,00,36,00,00,00,54,00,4c,\
  00,53,00,5f,00,45,00,43,00,44,00,48,00,45,00,5f,00,45,00,43,00,44,00,53,00,\
  41,00,5f,00,57,00,49,00,54,00,48,00,5f,00,41,00,45,00,53,00,5f,00,32,00,35,\
  00,36,00,5f,00,47,00,43,00,4d,00,5f,00,53,00,48,00,41,00,33,00,38,00,34,00,\
  00,00,54,00,4c,00,53,00,5f,00,45,00,43,00,44,00,48,00,45,00,5f,00,45,00,43,\
  00,44,00,53,00,41,00,5f,00,57,00,49,00,54,00,48,00,5f,00,41,00,45,00,53,00,\
  5f,00,31,00,32,00,38,00,5f,00,47,00,43,00,4d,00,5f,00,53,00,48,00,41,00,32,\
  00,35,00,36,00,00,00,54,00,4c,00,53,00,5f,00,45,00,43,00,44,00,48,00,45,00,\
  5f,00,52,00,53,00,41,00,5f,00,57,00,49,00,54,00,48,00,5f,00,41,00,45,00,53,\
  00,5f,00,32,00,35,00,36,00,5f,00,47,00,43,00,4d,00,5f,00,53,00,48,00,41,00,\
  33,00,38,00,34,00,00,00,54,00,4c,00,53,00,5f,00,45,00,43,00,44,00,48,00,45,\
  00,5f,00,52,00,53,00,41,00,5f,00,57,00,49,00,54,00,48,00,5f,00,41,00,45,00,\
  53,00,5f,00,31,00,32,00,38,00,5f,00,47,00,43,00,4d,00,5f,00,53,00,48,00,41,\
  00,32,00,35,00,36,00,00,00,54,00,4c,00,53,00,5f,00,44,00,48,00,45,00,5f,00,\
  52,00,53,00,41,00,5f,00,57,00,49,00,54,00,48,00,5f,00,41,00,45,00,53,00,5f,\
  00,32,00,35,00,36,00,5f,00,47,00,43,00,4d,00,5f,00,53,00,48,00,41,00,33,00,\
  38,00,34,00,00,00,54,00,4c,00,53,00,5f,00,44,00,48,00,45,00,5f,00,52,00,53,\
  00,41,00,5f,00,57,00,49,00,54,00,48,00,5f,00,41,00,45,00,53,00,5f,00,31,00,\
  32,00,38,00,5f,00,47,00,43,00,4d,00,5f,00,53,00,48,00,41,00,32,00,35,00,36,\
  00,00,00,54,00,4c,00,53,00,5f,00,45,00,43,00,44,00,48,00,45,00,5f,00,45,00,\
  43,00,44,00,53,00,41,00,5f,00,57,00,49,00,54,00,48,00,5f,00,41,00,45,00,53,\
  00,5f,00,32,00,35,00,36,00,5f,00,43,00,42,00,43,00,5f,00,53,00,48,00,41,00,\
  33,00,38,00,34,00,00,00,54,00,4c,00,53,00,5f,00,45,00,43,00,44,00,48,00,45,\
  00,5f,00,45,00,43,00,44,00,53,00,41,00,5f,00,57,00,49,00,54,00,48,00,5f,00,\
  41,00,45,00,53,00,5f,00,31,00,32,00,38,00,5f,00,43,00,42,00,43,00,5f,00,53,\
  00,48,00,41,00,32,00,35,00,36,00,00,00,54,00,4c,00,53,00,5f,00,45,00,43,00,\
  44,00,48,00,45,00,5f,00,52,00,53,00,41,00,5f,00,57,00,49,00,54,00,48,00,5f,\
  00,41,00,45,00,53,00,5f,00,32,00,35,00,36,00,5f,00,43,00,42,00,43,00,5f,00,\
  53,00,48,00,41,00,33,00,38,00,34,00,00,00,54,00,4c,00,53,00,5f,00,45,00,43,\
  00,44,00,48,00,45,00,5f,00,52,00,53,00,41,00,5f,00,57,00,49,00,54,00,48,00,\
  5f,00,41,00,45,00,53,00,5f,00,31,00,32,00,38,00,5f,00,43,00,42,00,43,00,5f,\
  00,53,00,48,00,41,00,32,00,35,00,36,00,00,00,54,00,4c,00,53,00,5f,00,45,00,\
  43,00,44,00,48,00,45,00,5f,00,45,00,43,00,44,00,53,00,41,00,5f,00,57,00,49,\
  00,54,00,48,00,5f,00,41,00,45,00,53,00,5f,00,32,00,35,00,36,00,5f,00,43,00,\
  42,00,43,00,5f,00,53,00,48,00,41,00,00,00,54,00,4c,00,53,00,5f,00,45,00,43,\
  00,44,00,48,00,45,00,5f,00,45,00,43,00,44,00,53,00,41,00,5f,00,57,00,49,00,\
  54,00,48,00,5f,00,41,00,45,00,53,00,5f,00,31,00,32,00,38,00,5f,00,43,00,42,\
  00,43,00,5f,00,53,00,48,00,41,00,00,00,54,00,4c,00,53,00,5f,00,45,00,43,00,\
  44,00,48,00,45,00,5f,00,52,00,53,00,41,00,5f,00,57,00,49,00,54,00,48,00,5f,\
  00,41,00,45,00,53,00,5f,00,32,00,35,00,36,00,5f,00,43,00,42,00,43,00,5f,00,\
  53,00,48,00,41,00,00,00,54,00,4c,00,53,00,5f,00,45,00,43,00,44,00,48,00,45,\
  00,5f,00,52,00,53,00,41,00,5f,00,57,00,49,00,54,00,48,00,5f,00,41,00,45,00,\
  53,00,5f,00,31,00,32,00,38,00,5f,00,43,00,42,00,43,00,5f,00,53,00,48,00,41,\
  00,00,00,54,00,4c,00,53,00,5f,00,52,00,53,00,41,00,5f,00,57,00,49,00,54,00,\
  48,00,5f,00,41,00,45,00,53,00,5f,00,32,00,35,00,36,00,5f,00,47,00,43,00,4d,\
  00,5f,00,53,00,48,00,41,00,33,00,38,00,34,00,00,00,54,00,4c,00,53,00,5f,00,\
  52,00,53,00,41,00,5f,00,57,00,49,00,54,00,48,00,5f,00,41,00,45,00,53,00,5f,\
  00,31,00,32,00,38,00,5f,00,47,00,43,00,4d,00,5f,00,53,00,48,00,41,00,32,00,\
  35,00,36,00,00,00,54,00,4c,00,53,00,5f,00,52,00,53,00,41,00,5f,00,57,00,49,\
  00,54,00,48,00,5f,00,41,00,45,00,53,00,5f,00,32,00,35,00,36,00,5f,00,43,00,\
  42,00,43,00,5f,00,53,00,48,00,41,00,32,00,35,00,36,00,00,00,54,00,4c,00,53,\
  00,5f,00,52,00,53,00,41,00,5f,00,57,00,49,00,54,00,48,00,5f,00,41,00,45,00,\
  53,00,5f,00,31,00,32,00,38,00,5f,00,43,00,42,00,43,00,5f,00,53,00,48,00,41,\
  00,32,00,35,00,36,00,00,00,54,00,4c,00,53,00,5f,00,52,00,53,00,41,00,5f,00,\
  57,00,49,00,54,00,48,00,5f,00,41,00,45,00,53,00,5f,00,32,00,35,00,36,00,5f,\
  00,43,00,42,00,43,00,5f,00,53,00,48,00,41,00,00,00,54,00,4c,00,53,00,5f,00,\
  52,00,53,00,41,00,5f,00,57,00,49,00,54,00,48,00,5f,00,41,00,45,00,53,00,5f,\
  00,31,00,32,00,38,00,5f,00,43,00,42,00,43,00,5f,00,53,00,48,00,41,00,00,00,\
  54,00,4c,00,53,00,5f,00,52,00,53,00,41,00,5f,00,57,00,49,00,54,00,48,00,5f,\
  00,4e,00,55,00,4c,00,4c,00,5f,00,53,00,48,00,41,00,32,00,35,00,36,00,00,00,\
  54,00,4c,00,53,00,5f,00,52,00,53,00,41,00,5f,00,57,00,49,00,54,00,48,00,5f,\
  00,4e,00,55,00,4c,00,4c,00,5f,00,53,00,48,00,41,00,00,00,54,00,4c,00,53,00,\
  5f,00,50,00,53,00,4b,00,5f,00,57,00,49,00,54,00,48,00,5f,00,41,00,45,00,53,\
  00,5f,00,32,00,35,00,36,00,5f,00,47,00,43,00,4d,00,5f,00,53,00,48,00,41,00,\
  33,00,38,00,34,00,00,00,54,00,4c,00,53,00,5f,00,50,00,53,00,4b,00,5f,00,57,\
  00,49,00,54,00,48,00,5f,00,41,00,45,00,53,00,5f,00,31,00,32,00,38,00,5f,00,\
  47,00,43,00,4d,00,5f,00,53,00,48,00,41,00,32,00,35,00,36,00,00,00,54,00,4c,\
  00,53,00,5f,00,50,00,53,00,4b,00,5f,00,57,00,49,00,54,00,48,00,5f,00,41,00,\
  45,00,53,00,5f,00,32,00,35,00,36,00,5f,00,43,00,42,00,43,00,5f,00,53,00,48,\
  00,41,00,33,00,38,00,34,00,00,00,54,00,4c,00,53,00,5f,00,50,00,53,00,4b,00,\
  5f,00,57,00,49,00,54,00,48,00,5f,00,41,00,45,00,53,00,5f,00,31,00,32,00,38,\
  00,5f,00,43,00,42,00,43,00,5f,00,53,00,48,00,41,00,32,00,35,00,36,00,00,00,\
  54,00,4c,00,53,00,5f,00,50,00,53,00,4b,00,5f,00,57,00,49,00,54,00,48,00,5f,\
  00,4e,00,55,00,4c,00,4c,00,5f,00,53,00,48,00,41,00,33,00,38,00,34,00,00,00,\
  54,00,4c,00,53,00,5f,00,50,00,53,00,4b,00,5f,00,57,00,49,00,54,00,48,00,5f,\
  00,4e,00,55,00,4c,00,4c,00,5f,00,53,00,48,00,41,00,32,00,35,00,36,00,00,00,\
  00,00

[HKEY_LOCAL_MACHINE\SYSTEM\CurrentControlSet\Control\Lsa]
"LMCompatibilityLevel"="5"

[HKEY_LOCAL_MACHINE\System\CurrentControlSet\Services\LanManWorkstation\Parameters]
"RequireSecuritySignatureData"="1"

[HKEY_LOCAL_MACHINE\System\CurrentControlSet\Services\LanManServer\Parameters]
"RequireSecuritySignatureData"="1"
